n <- c(1,2)
